G3_3 = [14.2182, 14.0155, 14.0449, 14.0476, 13.6719, 13.3732, 12.6140, 11.2864, 10.0440];
A3_3 = [0, 10, 20, 30, 40, 50, 60, 66, 70];
G3_8 = [14.7010, 14.7888, 15.0144, 15.0914, 14.7997, 13.7348, 10.8754, 8.6688];
A3_8 = [0, 10, 20, 30, 40, 50, 60, 65];
G4_3 = [14.1259, 14.2771, 14.9022, 15.1384, 14.4961, 12.7488, 11.7480, 11.4309];
A4_3 = [0, 10, 20, 30, 40, 50, 60, 65];